143322
192108
205124
225305
255468
260958
294020
350597
479969
534144
534299
539712
573727
592392
608025
610623
649326
719762
769035
893338
1035712
1058885
1096377
1135326
1176945
1209464
1288874
1322589
1331450
1396504
1562811
1876581
1915451
1926041
1965816
1971799
1981793
2060187
2095254
2229276
2314823
2315272
2614158
2676597
2865865
2971712
2978128
3021720
53727
113552
127610
412115
456568
600772
600922
625468
722116
743091
747413
752277
795762
806415
859032
873499
1019099
1035319
1048683
1054120
1071521
1234319
1268223
1674487
1811005
1907385
2187531
2187941
2216732
2235360
2237571
2310787
2443504
76970
91793
120381
250803
332136
367384
558728
613382
613533
630314
655179
666063
766145
775165
999973
1038977
1078915
1141673
1143341
1201741
1321652
1346646
1495044
1506607
1662900
1707912
1891840
1958619
1973780
2157193
2165391
2324927
169628
237953
240589
261803
373134
417355
513478
713337
713516
774774
921413
946565
1103706
1114483
1141356
1174713
1208660
1215540
1301996
1386624
1470089
1561021
1578659
1595684
1644611
1710300
1896433
1909585
1924483
2016673
2017369
2048208
2139487
2165085
2212718
9692
49217
54554
60508
67356
99512
159606
286445
352719
373968
378908
397380
466764
500118
540004
551295
553143
576056
584609
706829
773348
836256
901241
958325
959583
1005838
1050024
1053539
1116121
1170657
1176878
1267448
1324191
1330778
1354498
1358144
1582725
1595265
1612050
1695829
1728264
1734247
1739022
1764158
1846942
1851219
1868595
1944180
1947756
1972224
2038948
2144995
2148878
7107
8971
232673
238368
307031
388500
393928
404113
418590
429278
447373
463507
524587
565157
619999
817579
969583
970489
1042158
1065243
1145664
1171119
1174977
1272890
1747753
1752032
1787726
1806439
1808885
1821537
1829315
1863870
1897011
1989484
2010882
2051410
2172410
332413
383330
629600
780805
804547
813971
832143
842063
844444
851449
855399
861012
956409
980414
1012690
1086570
1198238
1252310
1338038
1383897
1422890
1541359
1665984
1750842
2004843
82935
97509
405935
459487
517971
540315
578137
601316
651031
992792
1002506
1056538
1085356
1162708
1168581
1169629
1176445
1180501
1244642
1254663
1443565
1451747
1457968
1606725
1643227
1746712
1924836
1977312
1986385
34690
50283
65481
68970
83210
91495
117921
156575
164487
254111
280499
316523
332422
557377
603162
695865
730347
825861
885497
919417
999454
1151312
1157437
1239761
1283733
1287058
1301454
1519243
1803094
1866339
1895881
2029632
2064203
35364
53125
53963
96208
110343
117481
158303
315778
331287
544994
666164
782247
784334
831508
858477
889719
892931
917987
954732
968296
1010057
1010210
1115269
1115422
1162377
1238318
1255493
1257009
1262406
1313976
1401052
1997344
2004022
2020337
91306
225015
317000
361222
382091
395796
469456
615667
625850
684180
790517
806467
810088
812664
842115
868418
868573
904786
939798
941468
948466
1053943
1114098
1131813
1146775
1233179
1299880
1410730
1428273
1482152
1499771
1566251
1612364
1676015
1734319
1750554
1829041
1990469
174697
225325
300489
352537
421355
486961
608417
661281
726199
749321
965993
1059248
1261565
1282907
1287995
1293184
1316694
1326718
1358773
1808173
67265
77723
376649
381007
496889
532433
550995
558068
722835
778135
1041172
1100936
1154816
1193298
1246933
1252147
1332953
1333148
1340647
1377230
1378127
1380686
1381826
1390006
1456387
1458914
1478463
1535312
1641994
1763676
1791372
1791858
1809497
1853191
1934177
1961670
1994239
159912
503850
531453
621940
745340
753561
762574
865102
999879
1001672
1142444
1527694
1536451
1649733
1763951
1832028
1890308
1926991
379017
481300
493126
555954
598320
785306
818337
909177
1085211
1164173
1294928
1325264
1396659
1406255
1506366
1530553
1597204
1608677
1798021
83054
129762
314018
322720
338482
378014
441811
457407
468588
477785
491440
572272
586534
596815
678470
691979
728513
728672
979549
1006459
1013160
1014484
1017923
1035308
1068831
1678810
1728180
1736619
1742401
1783591
1849104
1954369
1992317
47060
81354
113509
126242
201507
218985
274423
296788
301917
323968
356346
365123
394176
415723
419979
426417
446812
590460
687957
913872
915207
1097091
1114224
1147570
1304265
1397258
1407008
1492785
1492948
1495728
1828634
7675
150772
170947
181896
263154
267027
267189
280595
407207
410102
498674
587287
723556
831653
834920
883049
905704
932238
964076
982774
982925
1034048
1039690
1118634
1475594
1506261
1602151
1665970
1771372
1777390
1850806
1889522
1903490
152002
296390
366876
391678
458392
608098
703844
763754
902603
921948
928267
953600
965849
973506
1015659
1019260
1121649
1356922
1405441
1415363
1455277
1513628
1524216
1529816
1556734
1565073
1588339
1721087
1799786
1828904
1871494
1889031
1894741
35023
140372
248852
251659
275765
275916
484188
622437
776244
825031
898638
1172354
1226103
1285027
1325457
1325913
1409820
1443363
1462560
1462726
1463841
1849197
1870523
146960
155179
237671
339957
399873
400933
445229
758426
779059
882840
921965
928848
940478
941792
1005705
1024962
1076834
1076988
1142378
1230028
1246035
1527032
1578818
1612907
1719467
1812837
1825477
110007
305944
409988
554525
566236
612800
634594
656816
700248
832524
872419
904482
1020625
1057683
1098896
1157358
1218572
1513910
1520491
1569348
1663938
1668665
1696187
1770041
1803352
1805051
79079
165092
242856
252287
337201
346492
359910
408528
420962
450846
457078
555861
585494
763244
832400
929187
1031423
1042492
1053844
1068354
1131280
1133820
1175213
1319389
1335611
1343283
1396332
1408009
1468478
1517041
1582411
1605702
1649272
1653324
1695730
1801185
300225
319190
333885
344080
387572
395072
396209
449069
553832
556031
591726
666080
674933
708694
757476
790453
874747
1048019
1068103
1083130
1174539
1226654
1300719
1418779
1558169
1634768
1801489
13227
111578
196538
215867
369717
448864
480349
527673
628808
717986
952035
1063259
1071005
1076157
1094809
1104653
1114808
1118589
1178163
1179906
1207067
1259978
1522174
1634073
1634233
481380
722076
914705
965740
1147881
1251393
1337102
1356478
1429909
1468648
1483751
1493863
71208
125000
143253
234473
265707
275436
279459
395832
641661
651882
810121
903204
986402
1054392
1061699
1061852
1083763
1131603
1229949
1265840
1305491
1327129
1337418
1380776
1381341
1393260
1459727
1465371
1490956
1495793
98165
109743
113516
114505
216442
284365
329775
359026
363363
375144
375964
376122
408575
517992
559489
577656
640386
660718
660869
735452
752421
767621
773877
824635
827050
856850
901135
905234
941123
957025
986616
1160468
1269667
1340119
1349114
1379770
1398889
1418180
1472693
1559202
1701735
135243
183186
208916
213675
233525
296949
329008
370625
383167
392403
413363
441093
506814
572248
831167
881092
896317
928974
1214046
1252325
1339002
1343399
1403169
1427263
1476339
1493554
1493712
70956
148811
186952
234755
261211
284367
308738
326548
345461
431178
452728
474911
489421
490278
525165
550976
555782
595864
603911
621295
736589
739369
753740
780496
809868
844037
862039
966497
1008936
1115519
1145426
1151959
1182006
1224199
1244197
1251613
1311140
1363992
1380295
1511963
1565185
25257
34852
44114
66877
181088
246043
253612
284366
298699
345127
367029
463365
465661
524914
609044
628483
648270
672170
789207
909781
972663
1043078
1067271
1072636
1082493
1100195
1100351
1158562
1198934
1507117
1584108
231390
299597
317334
317512
356973
404986
446774
451486
516584
575668
597641
704037
881763
897046
897202
897687
902931
913026
973450
1018789
1107262
1158440
1180205
1206673
1223762
1266147
1302665
1303716
1307014
1358610
1364598
1512527
1574925
1619453
1644706
220790
224835
276857
278534
304714
343461
455255
461762
503087
509739
603358
665440
765612
772820
798769
868103
961474
961627
962839
1088181
1103459
1120340
1420742
1530742
427853
472201
476521
490384
518210
569418
620726
671632
688206
720234
720757
773386
783672
828554
904120
919773
928355
932133
944799
1047792
1097433
1130181
1151792
1189216
1238123
1264410
1272459
1348669
1402473
1433869
1457
59463
73576
88832
292475
320317
331548
335792
474900
512636
632662
659237
699660
701482
707350
714451
733191
817436
883549
979338
1011272
1020697
1067178
1081289
1153626
1253298
1542086
1545347
1568223
1577090
1142
42526
48606
90560
145978
182556
196839
289477
300505
381640
398957
409366
493033
542329
669502
781993
852394
869332
942549
1028871
1139223
1140621
1281473
1358743
1421664
1444431
1490178
337845
606880
818725
1164087
1279641
1313622
1318316
1371801
1540137
1599322
84478
124791
179413
209947
445321
528290
545149
617432
646540
829656
836366
841130
875214
1004005
1009833
1021092
1093211
1108146
1111663
1159873
1163930
1277019
1396107
1418058
1426837
1426988
1486060
1495234
113353
221836
414993
544776
939957
959194
973374
983616
989714
1207138
1269167
1467412
1501904
1580591
488024
510195
511813
515660
611967
622110
835307
881224
913230
968887
1019356
1026095
1034645
1034834
1053939
1059892
1077980
1108363
1114736
1138656
1162750
1174794
1346298
1369941
1472473
245041
250288
330791
406848
697971
760401
789046
945838
955354
965830
972903
1005840
1040891
1287856
1434401
1442443
1456351
1475848
1497404
1509962
167134
170730
317387
389950
450228
466374
489415
604567
913938
1325019
144470
275179
292142
299454
365704
368197
371047
376241
453692
545533
617428
788574
856626
880813
959484
1030374
1039754
1212231
1235287
1367438
1485784
1547488
41196
68520
268725
322613
535853
590971
607598
730434
833018
846138
1146515
1149238
1338380
1386423
1466012
136449
165369
171552
189569
235718
289319
370057
734598
825923
923753
1167833
1380170
1402666
1479538
1491988
1519442
36699
196702
235016
235353
269607
920291
929758
966648
1056921
1441192
1535536
87434
223873
422834
461914
506892
556422
564114
607498
613294
686355
825722
851530
873838
904688
925370
1023621
1083365
1084624
1167833
1174596
1175165
1189585
1201330
1249561
1343194
1368810
1449302
1494026
1509607
49729
76049
102931
158444
333090
348400
445763
494469
501295
513436
580902
755489
856996
863318
904828
910494
1026640
1040317
1140371
1159255
1163286
1223020
1330257
1332484
1403434
1453212
299806
557735
570672
729058
737498
859443
870123
870281
891649
910446
1041301
1078963
1145139
1147446
1221506
1300386
1328160
1357239
1379311
1383363
1462893
161245
193554
236030
279006
279623
409296
452710
502132
646886
675160
678710
691737
872377
939271
951751
956921
1094389
1122068
1164052
1189631
1248055
1346891
1353060
1377654
1388484
1391326
1468015
24028
37797
92145
99951
117839
186030
191504
195187
239837
241930
246980
278677
302473
339874
348511
368795
389396
393268
409406
432557
435174
453872
497562
513401
564067
585054
668184
730474
756334
798546
798699
803930
811627
811971
822525
828105
927861
928859
931869
942377
971663
999033
1013602
1030950
1036931
1181861
1338070
1357685
1383721
1386284
89082
91855
107558
171984
269667
271943
378226
444992
496578
499938
532560
543340
573832
759621
794101
811751
833587
838701
924270
939599
942574
1007477
1018607
1043943
1068816
1253477
1436379
1465543
1474516
1498296
1501962
10835
100428
135358
160438
196202
229503
252722
253182
325668
331515
337631
516939
547403
732815
841519
896545
901161
1036451
1036608
1091513
1098356
1196401
1454802
313031
338674
340983
354380
447495
549557
576487
608796
608999
633246
784640
798347
807224
1025680
1038532
1074351
1082260
1146311
1196779
1260003
112667
240219
301752
361908
385227
513675
533012
533163
556711
610446
620344
681757
727297
833407
840086
883680
923110
997252
1062281
1096177
1165078
132264
245713
266295
274978
279396
297732
406547
502907
523476
576316
621778
706346
723644
736343
795638
822272
1078855
1085225
1085390
1105288
1167691
1243130
1272405
1289097
3074
20574
26618
96299
171164
173121
173730
185447
201999
433075
460367
579184
733291
813590
824154
829198
891488
894658
962284
974536
1081263
1275475
1370148
66888
141175
241210
244274
255318
266866
367328
396998
515197
542964
674451
754301
806371
831886
834168
921659
948662
996863
1037508
1064913
1214203
1217327
1353460
11271
113469
120134
166052
196769
279560
290575
293215
310198
375267
388781
403881
465149
499158
771827
896893
1072229
1073080
1073235
1073993
1107999
1163871
1199132
1319969
1328163
1329904
1334398
1334549
1357476
1357627
1370118
1371312
1376962
178527
457750
484568
833012
984315
989967
1136540
1205041
1342659
1400703
314896
590055
654827
825786
834785
944491
952758
1061521
1073675
1226060
1353160
1355387
130589
150295
269428
296250
481704
634037
747062
765590
773320
800463
851218
875026
980053
1010591
1184304
1188283
1276449
1386989
1388376
10400
106960
163320
165396
168649
178722
234770
249902
272647
334322
358890
395693
431043
618101
699935
740350
976924
1016475
1022988
1023156
1048290
1051048
1073791
1091905
1117244
1122681
1224298
1331071
95417
248895
353124
394803
439324
597412
606684
625371
735250
839032
855409
884592
965576
1015273
1043278
1098070
1106143
1107932
1119544
1120339
1201260
1291870
1306270
108196
108479
121505
240707
283635
338929
339082
339864
356855
414282
567227
585429
616899
618633
639457
729914
774646
812566
817264
817870
818860
850628
877500
951820
1021005
1074073
1156242
1158663
1238544
11271
206333
206485
328047
370135
370286
439243
445747
462819
533876
972575
1030426
1035576
1084756
1194783
120827
123804
462473
531601
982356
982511
35459
67385
154227
197092
454469
466039
515240
536830
604432
636007
683628
1114553
1199355
1218331
1316396
1322017
75196
90136
94071
104728
354790
420976
426148
429621
494288
681985
697162
914682
993886
1108889
1120935
1143147
1197549
1199100
56229
223067
348544
358680
400003
462361
703786
729347
744503
748904
817376
1069574
1107099
1201677
1246136
1257715
1274506
1281251
6397
25796
45279
58526
60085
77231
112875
147548
215597
269723
310350
315528
317783
331287
339501
348553
370331
442932
474548
484049
529953
676952
699899
704861
721402
764812
773471
837638
878724
954581
1010133
2635
47192
102079
109132
126982
131196
244373
256232
297353
299531
463474
476315
561240
669272
804518
1108238
140032
147322
234640
277272
298021
320217
382102
395889
598390
634386
652917
666259
814469
973810
1052541
1052727
1180017
137667
906514
916012
916164
954708
956819
1198787
121317
141329
170247
357630
454190
611892
646606
679715
695216
727614
768498
828015
855340
111248
271402
321707
376265
477162
587340
589419
665148
727058
762545
803551
813999
827857
871484
892424
894242
894508
942604
985884
998789
1115183
60966
89328
118689
140786
173380
243056
250696
309849
310002
315527
340056
340212
341986
347174
350344
364564
366532
384629
479165
485968
668737
862681
966309
967514
993967
1007167
1095706
1117779
1169131
31551
31705
49516
135298
272333
291993
365201
378173
575990
660827
700098
714378
990454
157021
205193
289189
322021
343504
396771
417125
433328
433494
526376
531423
533686
565842
634690
735259
799946
800823
808312
907463
925334
946870
947022
973137
985731
1010264
1044829
1105144
1108667
1128851
1129003
1131282
1132390
1174940
410135
448408
546113
553789
570420
741003
793722
832447
854182
1198683
75806
94215
149480
158754
167657
170635
177702
178884
194545
201834
222298
253594
268879
280703
297379
320639
393762
499073
501099
571211
593407
604579
688617
771050
817017
955928
975671
1005489
1024221
73609
145745
147846
198758
198908
263813
284481
384210
544469
1081390
1081542
1136070
146738
609675
624080
711518
861421
936355
1082302
1166761
313851
333671
333824
580818
832481
1067954
1144908
1159937
153057
190282
200146
233976
322730
365180
374185
410353
422484
517636
555100
561844
663646
1071230
1083914
1103290
1156195
1177214
136018
154031
171805
213433
487756
818587
947096
1165853
1083
62093
63175
72795
174771
240011
434276
484101
515591
567662
571308
610164
611984
760762
817620
1076566
1127088
305416
314527
416515
419684
426974
477670
572638
606684
606854
691741
723691
787753
792808
808238
834769
903406
1106642
157504
183055
185848
205972
232147
352861
526665
731493
868113
914147
85179
307482
330903
367613
369557
400465
400716
525869
547236
669186
672217
694851
739670
814305
914745
962597
100740
205714
227331
349318
401643
416841
448800
534259
606858
617920
691539
717952
762731
841755
846603
846830
929299
1053299
1119249
52801
75554
81004
160343
403292
445008
717554
724281
752060
770558
1000902
1051151
1102616
25917
102698
118229
240968
287194
296063
394093
478853
532507
692587
757851
773280
860364
906635
954582
985830
1052731
256686
597862
792818
802714
878594
887123
904481
1084488
1103006
3065
21778
23747
34907
58057
228935
236415
245334
358488
402688
447774
465864
477824
540928
630031
667585
685027
742476
755251
820921
839557
856742
873823
894505
981295
1035141
1057117
174582
247584
298233
335956
351787
484949
513450
645841
657431
674061
687161
708070
717584
755243
845050
899372
935269
969073
1049270
1079110
1091134
48873
99567
140738
140909
212636
250390
263914
284351
428309
428459
508062
599746
599904
602811
615068
624972
647080
831352
834418
896116
942142
942309
946418
1036510
1077901
97888
134513
140145
149803
208774
220192
270097
292336
312023
372004
416050
464931
485971
687594
688658
792080
827817
837084
847402
856317
1014072
1099062
19976
111293
297747
304630
447905
481932
517219
566039
603757
892407
913271
918210
937138
1021453
1036803
192117
278022
440510
472081
556485
583346
606154
609326
645685
662718
812958
873345
1008458
1059853
1060003
1070252
6627
6785
206340
232708
524046
624262
886839
31943
149481
310534
509516
531105
551404
616824
799774
818760
831969
901630
917864
924980
945688
952837
5285
129964
203314
272405
294876
381245
403788
696514
718085
819727
900549
957194
997323
1019289
108574
113135
119949
162478
174334
213575
326475
414911
430358
434899
451618
670455
706887
981219
993267
16833
36266
66755
89652
169693
310485
441652
531294
540327
546549
550563
616692
634333
762163
762321
791949
792101
804326
865377
18266
21025
119362
143776
398299
402435
404334
485136
840064
842795
865017
875857
942356
1048097
370061
639438
762922
832320
913330
997728
247912
405533
419773
422386
426337
436065
468570
485615
502950
537505
595797
624266
638675
641599
654134
663023
759920
56515
88300
108131
109016
138706
160586
183796
212225
239509
347809
351399
495800
495952
512392
872417
876726
882624
889825
890935
909113
935249
981023
1000034
221864
239934
277347
419111
639033
886297
904245
939598
1006826
14525
25208
37082
190917
200553
307805
438416
456957
538405
590301
910387
949820
40393
105079
164068
216310
299181
299339
303629
359194
412583
429630
477358
721687
751579
763304
964120
971583
293461
295059
307413
356501
441747
503001
533605
797779
809003
825513
829370
979458
142300
171096
174101
178938
188742
224221
288642
354646
426514
501181
610272
633332
655447
666035
698951
751214
761152
777324
837026
227913
280033
287865
601858
632495
726541
735367
832093
986841
1016177
96063
109263
206727
394108
460124
597385
613917
615404
620500
757966
119671
347369
624268
791017
832821
847706
851440
932017
136567
150397
150560
158946
237388
454507
455623
600043
720396
769406
819006
944975
1003638
377818
467633
467809
511710
767655
851295
861480
890637
133203
174966
178424
394899
416027
579396
728553
759444
981960
68632
141205
354429
434725
461936
748575
760977
147865
300254
343867
379499
397177
466125
469637
481536
604992
628554
744497
752125
752590
794483
812507
925420
42428
61913
203889
222122
269907
335342
446974
467284
467643
486247
500685
812928
869614
953454
1006082
194077
229178
232910
492719
530636
596403
660374
766442
918314
39356
128950
279870
431383
449177
528789
547521
587990
649708
763905
798486
862447
910161
955648
19676
106952
138301
153077
185661
217412
217579
233837
303253
317813
322757
375032
395232
439220
474687
623972
679106
736599
756331
792861
798194
812491
822437
830285
910310
989176
24262
94151
174885
176900
196494
222466
229996
290548
309173
314341
341163
362886
469899
473455
518440
525408
636856
729443
772039
780900
256735
260757
604508
636217
861962
929118
55244
87152
151120
156705
233327
292970
444865
476516
557964
823493
871257
30791
182734
183786
301283
301445
334552
408206
495121
530955
563363
618869
631324
665639
678225
686626
770986
788479
862037
878172
37147
45786
173736
438989
570252
571433
581703
587570
730183
789213
841333
901133
912609
915493
17028
35864
42029
58619
97866
127983
173428
173583
187448
226097
345001
439012
445417
534196
603585
614737
711297
756094
757123
764627
781843
785649
926623
949592
956456
27162
28837
124267
203984
381442
386196
406518
422038
536464
601739
668315
780074
789072
798240
800298
898249
920243
81695
101696
114319
176865
732167
961738
144146
167272
184585
218609
228726
241419
282393
323523
350103
360595
387697
390692
416467
448745
507778
545117
562790
761899
911538
911696
70321
134040
209835
244809
267270
415727
476421
482116
535465
592125
623300
662330
684519
759037
759191
792060
801554
825950
858066
905051
215839
308959
427808
481952
558521
609973
714400
789911
147579
153826
192188
216241
271892
295571
321589
374291
469932
490510
640960
644898
647881
705572
757522
759731
844346
863421
866043
87938
88093
91869
146483
146642
172249
277839
312144
313534
351837
378529
380710
400882
431727
512882
538152
556861
589819
610273
647543
659321
772856
819061
843484
21016
93447
152001
159810
224124
291511
396176
400363
412629
415355
508987
529115
534028
551130
567476
570905
643391
648890
733042
892061
909773
47678
74252
105724
110391
150566
323362
350483
357924
490606
490757
534955
619116
695987
740315
10491
283460
283622
418308
450027
548466
560060
683300
789309
792022
868311
92878
128590
132777
226705
333750
346080
349797
376204
390789
398719
409711
421197
465820
508872
514449
522978
614069
633803
660021
685855
690768
709997
750983
761264
792322
810658
820724
835776
860321
866580
19558
32651
59635
100790
102813
143231
173080
219531
242651
297741
471087
499138
531299
537574
750389
224647
410120
419899
429463
432719
550181
740565
834397
409130
487794
544789
618233
650150
685635
716852
830125
187176
43344
112175
147622
158855
194523
194694
642177
825952
872425
349945
411205
584963
681826
31064
249976
260518
316253
331759
396403
420493
427241
507344
630319
856816
29928
30092
42172
55676
72703
111790
124122
305723
308849
373479
426506
451252
459579
469943
536758
557182
590657
684228
689638
769256
776148
786635
780813
791601
68443
185057
254842
371385
670306
686937
707681
791610
274661
370461
387223
427640
462736
635921
771482
825336
229706
319578
415494
505551
602395
175118
296753
502771
568842
582179
643278
693112
715368
774121
818862
202959
205531
209392
235868
251468
256060
287835
301775
310250
326809
371947
396199
406869
409073
476919
486925
500539
634081
652215
686800
698527
732689
733874
745407
828765
118191
123463
129793
202134
257074
402831
579160
614258
623450
738975
757330
780877
784677
225712
287373
292647
372911
423710
490701
504838
586529
648889
752832
820665
830361
121907
217827
586540
690868
752881
783775
257999
327702
337126
344447
350055
358217
442313
634511
685192
695702
848755
8255
90252
107159
107990
157064
177891
179278
182476
188516
316865
318387
327497
364469
372005
409249
433530
466427
485157
567259
587629
594897
627223
664633
720070
735734
739351
749795
750655
104106
125579
129370
162947
166331
166492
322758
530509
547545
587712
618061
634878
652454
667531
738551
756843
784995
61643
234765
287477
295727
303892
386438
399758
403959
410111
410263
504948
607982
641423
656022
660794
683180
694098
695394
794843
794995
797085
841384
21255
67389
111292
117502
133416
202991
278555
394741
413674
599047
602842
660546
71827
127294
269584
735250
762313
4839
23661
27436
52976
92034
186177
259022
315233
429838
440189
448939
471566
474798
532474
541508
556317
561692
705016
741716
793069
56213
107215
122157
225958
302926
395133
409540
441237
579563
634801
646594
670178
713510
780838
789637
837312
2044
23914
41311
61522
169139
268281
274283
290649
358237
410967
420671
241085
339993
343048
398520
401174
457906
551903
622082
704370
756207
780600
790698
28106
105963
116977
132670
208952
351344
518007
289836
305267
309921
310077
587358
635349
667546
681191
721214
767446
820197
26186
78982
81428
176524
193508
294767
349674
381453
385808
395997
478112
484869
486611
592124
629488
731245
781235
32326
37646
40542
87492
268847
289773
333795
376806
378087
430429
447906
507789
552355
572373
600773
664234
677756
39507
97399
135532
149974
177239
207936
283293
293348
349976
372864
385477
439679
466324
498945
508963
562168
583092
665900
686284
719776
768304
775830
784921
2909
25143
309311
335438
412262
582246
623538
688604
707665
716806
726008
32232
127527
216666
243235
250527
332118
465951
483135
509928
524489
582322
595840
659946
719550
51404
277518
481857
499356
534343
660119
665715
675479
105326
114036
130693
161896
164825
231801
250522
294814
381624
534657
538432
571681
685237
722988
96623
105563
132181
200385
641624
702421
705711
734268
764720
785142
103479
123602
179277
251126
429751
452076
718065
718221
181763
185881
199186
253277
404850
660603
669219
774421
215502
364170
410232
434227
473462
508981
632930
706541
718581
745204
70355
78293
91652
103289
193236
305366
372137
426340
459251
562549
632103
643090
655120
793349
802374
116513
128037
139960
272325
401145
411890
423554
465780
471513
498855
499037
539364
544405
546587
552395
588040
591905
612791
645342
735074
114900
355720
364034
382550
401345
415958
422992
560043
717165
788384
92869
97400
129507
414253
734719
781408
24694
107966
116844
137627
202083
247261
264252
271277
291757
320511
359666
503834
131986
290253
300433
360044
477041
628810
641482
669457
724464
746187
781832
157754
210494
463406
542113
556614
591236
593242
598506
617472
7431
19293
35926
175329
272796
316690
325086
350948
384045
540947
587809
594812
608730
635453
714494
727521
730707
746931
55915
122087
176267
190516
248234
276702
324050
335289
454986
552019
566352
622707
648531
659561
759991
148310
224232
246265
258992
341581
388963
402696
456891
517433
531672
575015
645653
663496
668111
669746
733724
746099
57376
465645
473979
764366
769279
43634
270666
288425
292275
341566
354382
443651
479896
513234
540099
643088
670417
681081
727877
66511
217538
305683
411110
447696
496952
497119
507937
585739
43166
204495
205077
287337
322220
413461
480906
490373
564357
564515
658526
289440
360470
446592
534865
551175
580902
75920
112525
158923
199765
337569
382542
494543
500105
617518
623828
13624
102299
185167
220836
233313
322192
423307
468957
474033
476366
558937
594417
614402
653755
11342
174601
175800
223699
273942
424738
683050
22604
158237
174782
190722
276473
313429
323729
353571
423869
529226
597851
609873
677433
679585
41036
132562
141169
141322
143170
376070
425360
507761
533713
598521
165045
207955
213129
246686
249561
296118
297591
386571
411714
625661
73646
189811
351234
353174
719139
126353
126503
133032
185053
210873
241171
289420
305497
408056
115518
308405
549211
13292
84648
93924
218445
374466
407810
411327
599294
172274
243841
308198
445711
446507
469948
578110
619367
13837
15515
19551
62695
151942
218287
229622
268190
276036
287397
300612
376545
552238
144828
170474
202373
249051
302974
443424
476882
486707
2152
34143
124259
180777
198657
233198
336814
371942
392267
424609
450922
463403
464374
512022
452452
129934
382501
382653
533771
615291
634586
642004
95337
146517
150852
404119
611230
637677
60772
260690
281010
366764
405250
428382
439663
500277
508392
535090
543131
557364
94364
174060
175955
197263
205257
261399
266697
291408
345269
352625
390684
400697
401219
443205
451079
629751
15664
38040
38192
42517
95921
104813
151186
188687
202767
204137
263328
293676
324141
391279
417593
456536
603027
640470
11806
106937
146754
195804
199930
232888
269418
340037
350299
362804
404609
574685
588752
607559
644868
33490
52455
239769
245614
395304
452674
454809
455606
519809
526401
601125
120530
139154
147886
207723
222142
247568
387141
457001
535101
553924
628155
15461
60452
94725
108632
113605
114564
159470
253638
261402
306830
370758
379493
489229
626980
185090
331649
471119
535475
550113
577660
584772
141492
143336
184594
229402
238969
263637
290779
315594
318159
325909
355938
374775
453899
579376
646497
655395
216669
568212
571843
24248
65386
72431
77133
233910
234518
341843
353405
390101
393631
503765
521399
567149
583514
614844
499958
562056
579356
616780
623946
66642
245935
246109
253137
269546
352388
357554
433758
439072
470707
480279
486039
525113
607096
86727
89357
101276
148761
160886
216091
256033
297273
587181
50784
100845
139993
231219
248389
252293
278552
318910
358425
367127
381336
421883
461368
603076
615369
105440
222316
266276
307004
335766
350710
379349
492388
504769
531231
553793
553951
558092
559086
559240
570829
570988
613659
613815
620704
112268
228451
490888
528894
639552
398447
405969
435015
497418
657124
39102
108600
132313
214858
215010
366537
519789
519941
549456
573985
218947
249569
281411
319366
368194
379274
412157
419675
426473
505747
544933
545092
549451
603739
636478
652096
31079
100958
399987
455542
460377
56663
83307
83462
188821
370148
54610
61527
70995
97386
147947
219956
384017
405386
459061
471660
515805
523129
557368
646912
68526
71155
74702
245542
288689
307492
316906
390694
443492
477980
481398
537943
594843
610885
611061
79352
95396
118940
159635
198585
240674
279601
292768
360522
478125
4680
71233
96973
179104
325151
343021
454075
129726
254740
254895
381512
528820
72256
174901
195468
200694
208616
208775
230803
231473
274772
499110
554437
562325
573756
578440
168976
281135
325701
335765
472463
503454
525260
533874
69425
114048
395236
420651
508913
524768
536129
590642
595977
613556
621581
141931
222576
393953
394109
439099
447237
464736
598139
20732
117730
161242
197781
258175
450946
457877
175283
231947
236260
236736
322204
333280
564056
564336
50136
113139
160510
435256
515938
516097
130917
134916
183261
185344
187983
229428
337344
346051
442850
580652
70646
154372
155423
186885
235727
243429
276546
395145
287545
290562
360965
406495
434971
446916
496422
105957
152483
178543
180597
248004
264351
414946
415624
584489
586291
70190
83875
112560
136262
182576
203736
222960
227628
227778
258812
306251
314558
330802
335032
357402
364564
369369
396536
467247
498458
223536
292916
319911
343901
463659
407079
475465
479513
488434
570936
101079
118862
237413
237716
239258
248921
385630
107957
185178
209574
218110
275663
285691
441745
447040
449888
488464
526981
541886
584543
588761
79810
82671
102528
196523
306700
315734
379435
479989
11288
19543
226147
300677
394951
434514
440497
531270
536900
22941
31395
57243
89744
257594
272075
283700
356480
359932
362398
367178
368437
368593
397639
421294
421451
424740
428215
549320
566572
98420
98606
166435
230151
381040
465832
476732
476892
483227
483751
540366
554125
116611
233913
295139
477880
516934
573439
582775
588746
54097
99523
193667
271106
330075
353035
416749
421877
442816
477977
512711
520553
96955
160534
216595
257574
271465
376847
408199
411819
443814
445147
460090
519222
10599
49016
59490
133157
245562
306358
399809
195695
209853
212696
346283
406484
446826
531367
20008
28515
314671
326527
353658
49708
65664
68093
99080
108978
199761
253960
290342
541235
548544
38871
132998
145546
274623
296084
307984
321765
43357
149519
212486
219437
278844
426063
1263
14527
231358
494790
344884
82409
226345
273087
456437
164151
236043
245498
335098
126720
376558
390998
412062
496877
521608
14878
15039
64883
92046
112345
118093
146021
190998
232725
253211
269706
319175
442113
487303
547193
25205
37785
45105
80465
156276
414436
420326
170706
176548
182826
327121
368601
405287
447829
470446
67539
184489
308574
357600
359319
394299
241579
279877
293942
317549
336699
363080
385395
433731
452373
467870
469848
483062
501942
507201
514190
547891
147532
337887
456026
465100
469579
473903
488082
493374
527673
80764
334990
370450
385268
404851
70013
90657
116908
128856
206877
349076
427692
450283
492339
523446
109533
129028
182635
207597
234750
244372
454561
516811
548307
233157
402985
421956
545011
165957
175466
352153
463704
498814
200134
210350
249124
306935
401652
445579
463432
482793
492707
33700
128310
188766
194478
232306
240215
242673
242833
252019
342804
83389
121117
127079
127234
228158
230184
230949
422100
446112
466324
490622
494746
507657
510851
97208
252557
255206
260598
347973
391345
467231
488224
23433
88094
88275
93943
185389
185542
485708
145267
238633
260027
385919
282739
308155
332779
468375
468546
311
20814
34877
35293
42713
51006
57365
373188
169915
209632
236753
241801
258273
305368
339449
497606
50296
53380
274261
281041
293091
318925
321647
326047
368519
74400
188767
218454
307170
18379
131807
142834
145812
280990
363869
433414
434115
506748
102579
320284
335739
337797
70822
88390
92873
100121
147943
148246
176320
177593
195105
195415
429595
452150
465145
499764
206559
222453
302856
406975
498921
1846
70187
117995
126971
148665
229927
234639
241012
419296
16458
199646
292421
319899
391991
480836
7540
133866
158055
207770
220770
291894
486865
27553
36104
72660
218199
225869
226237
235120
239585
253155
327609
500890
506806
108197
251174
58396
343182
377813
382661
395747
397962
238745
271088
295322
369522
206106
66334
74404
142338
221509
243459
271850
341695
16791
92914
107494
330344
335725
444070
478269
215575
269341
357096
398954
167997
324377
328193
366833
383810
457113
464285
68276
68435
205387
356589
205496
218837
374570
410767
453343
10850
16455
19208
102761
117861
176408
251723
329371
335450
391487
396055
331923
416930
203851
279073
436159
254210
287458
292420
306037
335443
464126
495216
82676
123011
298225
331258
368305
372179
382666
436840
190693
254266
262640
312238
314311
458268
145585
160666
396990
294484
308376
330489
405670
77528
185175
357299
448758
451303
31422
108040
130299
135576
148777
183064
262137
19565
61255
192823
203224
207203
222175
398885
411284
414561
429594
429766
80982
84624
110027
128852
187397
194564
196065
35720
170389
286718
323019
63721
79519
112710
134173
251497
281294
283416
330482
373358
386520
394189
404131
417970
420359
423483
426130
430846
434220
437082
447260
100543
105354
442174
46579
75856
365735
400827
58342
131136
143644
146555
218630
224682
233534
247269
12345
30591
33967
37587
89390
140312
148353
161413
213534
242985
266131
309705
335589
344398
362778
427042
181753
186476
242990
315535
383004
166057
340251
79025
182323
292220
14013
17189
39989
42409
100998
144804
192739
253456
277195
377964
418836
53222
244738
160658
173692
324823
442680
27512
188949
246815
284340
292689
426675
227555
270817
274197
330839
361293
418298
431137
443728
149787
167777
172976
292693
301090
305693
333535
389985
73761
104716
141059
141210
146605
151928
162305
163245
311725
330920
347841
382900
75237
233807
308012
332725
387294
127978
273642
283089
401402
444819
2174
20281
61117
119278
315471
323481
382387
398697
440166
113298
140364
151199
151933
170198
177310
183274
192699
221232
244800
275512
358639
446970
35160
99314
130453
145309
213169
358945
375501
375661
88225
110420
119983
122216
143246
320323
359965
452633
68161
144016
144176
145305
179870
236189
257915
277538
278793
413789
25945
169893
201009
220249
295338
393449
422471
425823
67366
78131
109880
163104
193515
215278
226440
421687
69730
75272
81610
124585
151925
154284
154434
159494
426901
27773
122673
179244
179403
198807
230812
270877
274699
311361
323120
416511
423075
427440
453634
5520
200225
245940
250860
280570
357014
393259
101807
102885
134261
267217
275286
285586
33033
43292
55001
140436
308778
208976
209141
220193
25199
67522
67672
122205
192733
201369
230140
237481
242710
267649
357585
39791
55223
167009
208150
213057
228018
282823
286706
346977
237969
243193
275806
297207
368940
10237
69323
69477
192575
295124
308175
313122
331432
85262
94381
119070
126037
190215
284343
291355
331383
295110
364717
86115
99077
310067
424900
428211
54738
114211
202724
317339
128994
146652
192576
265815
358295
4672
39713
106804
114945
185959
344930
380012
420669
179467
204633
269605
291148
349794
173098
261302
334112
175128
276600
111189
219666
224454
367044
148439
155534
168568
180787
190216
203342
276043
115188
126310
146741
151960
172011
178982
180053
390738
10794
50933
133862
168494
173477
198013
209802
349152
4125
43472
217891
218041
251350
43063
139601
161761
177151
189961
250992
278157
342496
59137
64794
104966
110508
135794
150160
240480
320365
324157
340652
419496
171075
187381
229837
267407
310959
323955
41075
128726
207100
218167
257964
282369
312870
339965
384557
406305
271472
21753
25556
47920
172494
227217
232037
240369
306388
352454
82907
353649
365670
366125
116076
372404
53196
73261
165449
218039
219585
46324
69813
69967
182233
213047
240388
305568
366185
128400
187677
309241
387375
2210
176899
181933
257961
389137
114538
114693
212820
249828
278505
337395
378713
5538
9631
9791
111938
129214
145551
189947
199056
292994
314294
40948
117501
125308
159946
275390
34696
215215
244844
288884
291656
362380
377007
37452
129543
131398
131568
224591
245314
302644
332414
46731
79354
106283
127180
138769
243629
331758
50462
194694
238536
278854
298161
330892
377336
377493
179683
283250
291636
303585
310233
329449
345142
372098
53877
134527
195854
233947
238215
243329
266521
309516
30985
61649
115463
157965
185829
196474
291213
322198
86832
88195
134726
321227
368718
45786
50806
79135
100664
108806
182535
192730
221228
309946
325601
341700
8225
122500
136829
179622
219247
273741
286194
329338
178407
209412
220844
232342
317524
319176
332915
359370
367578
367737
382603
135359
137354
180787
189895
300669
18715
55499
113577
285811
33835
80982
186493
305009
306811
306987
336415
89725
233485
316543
195017
254367
284075
290771
19048
53005
58704
171488
205215
14516
81648
110373
117688
340232
12658
115432
194926
195077
252950
275242
340045
352471
72598
180327
186939
311781
127133
192451
241917
284537
307350
319297
324619
69435
72104
99855
177855
116344
323712
13891
69483
114600
179625
205272
246193
314236
315249
346341
65993
107641
141612
153737
169476
181082
144333
158071
270108
4502
77288
105543
137050
264359
290713
314015
109497
231199
246822
337874
346232
112
2406
15563
74187
97845
128142
178976
277257
332503
345663
347951
188763
235875
287819
84238
95354
122219
300772
339616
250114
338798
2309
129433
10235
10723
45997
175674
223631
147781
329360
281018
282449
272025
334719
339397
11299
123996
215543
24557
126332
153772
199793
204295
279513
19970
33472
80183
85798
94315
249357
258495
298006
327345
66553
290957
79143
191855
197981
253948
266763
129970
200810
257365
334617
32173
42433
333986
160248
161016
176745
265444
309927
145602
207846
292355
203805
29501
67720
196875
197028
204243
64306
82537
177346
328267
94102
158170
135964
145084
171595
173915
177373
323978
66957
150620
153032
201636
216121
298936
26159
74712
18478
34431
35429
12871
24454
188919
12882
76208
140884
303175
311153
232124
252308
259377
265897
280789
281484
78243
102562
106545
209297
233663
21663
223670
305141
319180
323719
3619
18613
91187
119733
192649
265395
270623
127909
65879
51462
94211
99704
251352
31811
137838
235650
247832
263521
315901
320283
31907
54264
103386
131473
99052
152052
206793
228588
245432
255805
275330
308268
30336
39333
54800
94506
166344
196446
199121
208388
216063
218839
263231
263555
95694
121063
152503
235973
272263
272415
295667
9584
20584
28354
40334
84489
95353
137356
145174
202156
86524
281021
180580
191782
238353
238515
254144
254758
21635
151941
160446
166799
173595
234305
128391
234392
137266
296173
296714
308736
153938
61346
71052
89655
169870
258784
300673
78784
99998
216389
18162
276210
142627
161350
163939
167263
227345
239204
246913
42057
43913
170953
189741
192111
203047
207570
222306
202418
123125
211190
211352
227075
228917
249047
2121
2460
8994
150211
200210
209451
248865
155894
12587
198947
222604
36846
59495
226351
297299
299915
63118
81681
173536
246510
254060
260115
35700
89482
240040
244646
268603
66152
67298
67464
94078
104100
178862
227043
211817
235170
244553
274385
109050
142494
206400
93889
151228
174916
33452
36386
99306
111924
112076
139357
173651
215544
252834
91413
120194
270045
7053
83860
203237
153505
153679
89384
115940
124452
164349
205380
206350
43438
46469
157396
182809
199597
205842
3954
126761
141544
198860
233462
69111
134195
179658
228972
268841
63558
122656
215175
36580
98475
228174
49064
136508
278311
50767
50921
59242
110931
21416
76497
86422
119236
224547
245047
262874
270491
52231
70387
130078
6987
45359
47488
52123
59564
236
5988
96800
101193
223374
245615
27505
80228
141994
211922
262565
230495
242751
44600
73514
89625
75223
113142
91400
119002
167636
221790
222104
40117
48129
102847
130353
151718
251023
169853
123827
51131
100597
108473
34906
174944
5643
20744
70196
72919
73076
121453
123319
171714
173029
198445
93219
97784
207421
247577
249440
11187
104108
127537
148240
183234
4569
14311
19150
23279
41701
43426
107491
117657
141155
162628
33852
126629
7087
23833
60654
183248
196678
255589
175241
244225
248823
42854
62238
74965
113452
143933
155291
157127
173605
174788
178598
243307
108639
24381
191259
200420
224504
89795
110340
239303
38557
40912
118417
156838
158449
173556
216306
30130
98854
119927
123356
227658
9508
75950
104226
167794
180517
77473
157998
205344
154639
82375
130670
186638
195099
17451
72011
172267
192427
40109
140813
140964
152759
162559
169316
206671
60070
69013
116342
164650
183155
172882
184706
198964
27398
158713
172457
223053
47337
53529
53679
59372
92318
92548
123406
134743
181478
189238
41688
72028
88427
146681
202082
12001
100211
161346
71599
162504
1054
33051
77905
151038
152451
161814
179637
179788
19516
88683
111938
116954
138412
138575
211694
3848
118394
172388
53678
104174
29208
64194
116303
136636
16016
110105
165402
55273
71885
213512
134954
161817
38648
179041
39751
29473
65439
66266
85561
87670
98332
131116
153965
31657
32850
125995
191317
176715
205505
163398
164774
167301
89524
51079
75263
139368
188311
207473
50273
6659
87387
25396
11785
37866
56363
83576
91475
107362
120464
204785
87982
140085
170876
197366
66030
63782
86789
119217
142177
141906
7500
150197
34110
85716
95001
109988
132152
86325
139463
176025
186400
82039
188031
188228
49716
59444
65667
104867
128099
139577
49459
85008
92240
122441
127189
133926
85798
92350
167888
86608
114317
171997
22802
106921
153962
10094
68244
78524
32048
122038
129812
47785
82530
64304
65484
71477
94147
57429
14559
31361
71755
97094
116793
11675
15495
15727
45699
72064
153620
849
13235
60466
103212
106465
118877
1515
84211
95382
103556
122146
76007
76160
103616
17048
68356
112605
29356
59842
75921
80696
60308
67372
102423
131464
50060
152648
38110
65763
72258
88719
105301
134717
80584
8234
103037
145358
12375
122078
30163
84261
86974
87595
31413
102240
109794
139953
93869
35142
35842
61772
10309
39273
102525
110408
127161
86035
13010
132906
1239
94114
120799
26227
114362
125274
52682
105535
52221
115394
99674
63989
71947
73060
82921
67490
44639
52
57889
110943
115787
116053
20035
46561
69200
29800
71480
109535
64340
110449
110612
21361
31454
35165
39088
85622
37362
10442
40452
650
12269
24441
26802
78705
88439
70912
30224
21546
27425
55670
95540
39663
92134
1290
39349
56522
29966
63553
98490
8241
59432
51224
76655
28529
16268
37419
92934
41466
56901
77204
52806
28406
15541
89230
35447
693
63905
67784
54928
48184
55026
58577
24270
55811
59271
31787
38985
47190
44929
49598
49760
71272
40880
30892
77950
21053
36053
37150
41719
56996
72716
37782
13057
47467
18558
25438
62782
64577
1354
19982
48146
16674
21522
23456
27350
28425
31867
44888
45856
57583
35118
275
12884
7354
2006
7121
35465
15526
24459
40047
53361
5098
6691
30038
34452
13433
28427
29318
31183
33490
38332
25530
26839
7615
13554
20682
602
28755
7796
16765
28882
5302
4158
5084
17295
17053
3022
2644
2144
426
2394
449
30652
41880
141166
221078
248371
263817
287844
335112
354292
395759
396029
432183
457768
490484
498405
507845
568549
691761
749949
878786
75112
170820
197697
215595
243001
255033
361404
407225
641632
732213
14972
88868
195295
514062
601697
198846
209464
275045
331437
347803
368940
420132
432303
468243
553037
602849
631889
39096
106730
111813
289714
366049
391486
499752
694596
50635
74457
103297
348264
350672
452110
528995
577873
623564
121224
127532
138632
353297
528517
557259
564365
574071
583490
691196
3256
86027
86574
101079
136893
155516
190254
193584
380605
641628
687434
4685
174987
477559
477717
497423
520578
522143
586118
593657
604526
55058
90486
186418
395321
427075
603903
171141
419916
461870
475901
504333
540728
543044
40564
75619
86041
133070
163153
171500
207211
215428
268088
268253
290867
316453
324370
392994
447711
456793
508457
522124
557837
578239
113215
170539
301558
312110
342296
372053
409966
84984
126085
139142
150787
202148
212741
404988
61798
68227
107615
394927
423279
461295
497269
544469
55973
66570
81442
278362
296589
317340
362856
427239
427536
530235
153105
203219
290583
344555
351971
420470
469954
472714
38745
44388
49722
74584
230859
244399
452074
74293
111683
123958
174811
202026
205608
292967
328015
333821
341762
362410
48542
84391
130195
130966
131977
285063
303133
315355
323855
360627
367775
424555
23931
26298
36846
39355
296951
1287
77882
83829
150757
173171
197065
206611
209143
220043
227492
249284
310366
333261
374607
32515
75116
37729
368430
386007
162592
226771
272230
430075
306223
319206
326139
337582
53412
112543
129094
207582
210364
212188
217856
226481
227052
230823
251646
290427
320412
398957
449805
20676
21649
126602
137686
200221
297107
317337
342922
22411
89460
183586
264615
313353
368205
397427
401088
20052
20207
61832
181428
189578
196746
211819
232711
23520
35099
71237
187589
306912
391590
411745
224580
248618
287426
293963
421454
75281
121532
157474
306119
316770
347344
348377
101090
223528
277395
283431
300074
342402
375282
173
337
2647
74480
90403
237541
89220
89390
317603
319657
39763
41298
80902
183494
192583
265077
304354
315017
321659
338352
349207
204577
215884
218131
218282
187848
197334
51562
196928
197655
236039
246846
34351
66774
101041
140928
154232
170833
245844
269275
71517
117758
130137
297803
346238
76447
117825
160604
168831
184268
194992
212913
217810
267072
287923
46664
144181
153034
212548
246419
277056
144199
171732
277971
79005
156205
177683
198670
206167
291263
323515
76143
92825
116827
193074
202172
222137
270928
329411
142631
184166
222653
298580
119066
181283
241692
228659
94022
112172
119676
170179
316862
115134
119992
130004
193663
236089
233583
68664
140569
180856
230971
296054
244864
260254
9300
24166
134698
200371
128379
177259
120744
189495
215699
247994
39318
131139
142043
10749
48459
112990
128588
135698
184242
212572
225796
108524
158186
190376
226339
62396
194911
136702
120508
164121
52408
191613
74995
13600
117380
120968
158263
179818
193652
42678
54533
61523
72927
82242
103531
105850
125160
135103
137168
140755
153982
91286
165089
63953
92945
122420
160353
38342
129005
158239
210407
2034
9609
30421
63997
71440
91567
111081
111742
175379
195613
220751
51202
32165
70906
56389
45306
205480
75618
101935
137435
162671
163913
164077
4409
82780
89052
3639
7599
139129
169984
120466
178619
171646
171797
133327
160620
169374
17716
27493
88268
102296
107225
114171
191710
84131
172669
116194
168792
174963
180042
151343
128416
128931
7464
85188
94097
107237
161744
27131
149313
125412
165240
42569
39558
155920
24062
20089
26751
83610
94343
88266
93916
127855
136488
42953
46908
49449
85393
78081
18277
37815
39342
28764
47839
82857
95300
146626
18781
22471
85567
140114
18743
25004
28462
117192
46922
60727
137473
146212
106427
146436
22496
31977
120265
77525
58776
902
8739
87465
31105
102273
30744
57991
74443
98317
43743
6696
11666
75612
82119
94171
3919
26120
30670
51342
96478
102111
1772
93760
12194
15219
15388
60301
97349
108778
103759
27294
57876
74754
99239
101176
59677
49860
64241
71883
80702
31050
59781
41547
27998
75380
38548
48822
72447
38543
6131
42455
42914
54439
13877
23707
45108
62698
38576
55693
29100
11796
15789
78090
75432
16957
51959
21252
25485
9747
64318
54437
18705
32332
34628
57336
25675
21301
54078
53745
1962
3829
27323
11914
47243
14095
15101
37724
32280
47933
15797
37151
12617
21658
46257
47318
16885
35218
19506
26744
7713
35040
13289
3520
21868
15885
16474
16924
18360
14206
27531
29822
4424
5883
3310
12515
8850
11220
20995
23871
11048
11225
4826
20911
22986
12266
10616
1962
18686
13119
6441
6779
3902
5991
4921
2906
13528
5648
5824
9806
4640
861
836
2963
8730
3336
732
3436
3475
425
4383
484
2300
1463
1592
1489
283
423
145
91698
100891
228930
262261
336572
370535
408354
486730
538940
596556
148939
231786
343388
407042
421933
433536
436663
525070
532877
5618
17505
41059
193304
318629
392234
424522
420277
439708
10615
58870
62440
195218
212141
221651
319235
489108
88259
91232
91383
92243
14173
81799
110009
345973
368729
415975
21787
114961
122667
310297
325366
356501
365142
367425
246658
304611
54396
86598
108655
119813
133736
184111
225220
36813
90866
134409
197636
198887
254466
323704
22161
36254
80624
115443
123265
146457
154840
160892
83260
86983
89564
114547
271812
872
45591
70438
148565
35859
279139
281099
76909
133
68746
94350
102741
210960
41022
82217
122531
135153
164485
169605
173500
200178
202431
173646
174438
10741
35163
18979
31187
40486
110413
119357
128616
85421
87398
125869
145249
166618
190768
21065
30266
44927
84951
114485
164793
5173
15009
13366
23066
61971
108830
117586
1953
7305
8965
10713
30767
34070
37023
5171
120293
17656
29281
50271
58892
79834
7656
57341
62983
72355
73561
89583
73006
76377
65265
10277
27327
107057
5536
37385
49332
81010
68460
44342
31389
66158
33048
48772
91138
95214
37000
53086
71971
6543
90813
17782
27507
51246
53842
11951
23264
8610
17675
8972
9137
8850
24130
24398
68536
29254
40305
59870
31131
51502
2328
44394
8331
11243
18126
28447
43978
53310
44202
4865
16070
36506
24541
3278
22406
583
14928
29994
11872
28255
12767
18069
21769
17227
22617
8133
20641
25472
434
11395
16790
357
14717
7713
1074
6224
2650
678
