Sample  LB  PI  DB  RD
DO13	0.9978	0.0000	0.0022	0.0000
DO18	0.0000	0.0000	1.0000	0.0000
DO19	0.0000	0.0000	1.0000	0.0000
DO1	0.0000	0.0000	1.0000	0.0000
DO24	0.0000	0.0000	1.0000	0.0000
DO25	0.0841	0.0000	0.9159	0.0000
DO27	0.9906	0.0000	0.0094	0.0000
DO30	0.0000	0.0000	1.0000	0.0000
DO5	0.0000	0.0000	1.0000	0.0000
DO7	0.9980	0.0000	0.0020	0.0000
DO9	0.0000	0.0000	1.0000	0.0000
Palau053	0.0000	0.0000	1.0000	0.0000
Palau061	0.0000	0.0000	1.0000	0.0000
Palau088	0.0000	0.0000	1.0000	0.0000
Palau092	0.0016	0.0000	0.9984	0.0000
Palau101	0.0007	0.0000	0.9993	0.0000
Palau054	0.0000	0.0000	1.0000	0.0000
Palau062	0.0006	0.0000	0.9994	0.0000
Palau064	0.0000	0.0000	1.0000	0.0000
Palau165	0.0000	0.0000	1.0000	0.0000
Palau169	0.9886	0.0000	0.0114	0.0000
Palau176	0.1830	0.0180	0.6990	0.1000
Palau188	0.0000	1.0000	0.0000	0.0000
Palau200	0.9724	0.0000	0.0276	0.0000
Palau206	0.9990	0.0000	0.0010	0.0000
Palau207	0.0000	1.0000	0.0000	0.0000
Palau214	0.0000	0.0000	1.0000	0.0000
Palau215	0.0000	0.0000	1.0000	0.0000
Palau217	0.9783	0.0000	0.0217	0.0000
Palau230	0.0000	0.0000	1.0000	0.0000
Palau231	0.9680	0.0000	0.0320	0.0000
M13	1.0000	0.0000	0.0000	0.0000
M1	0.9764	0.0000	0.0236	0.0000
M25	0.9236	0.0000	0.0730	0.0034
M26	0.0000	1.0000	0.0000	0.0000
M2	1.0000	0.0000	0.0000	0.0000
M30	1.0000	0.0000	0.0000	0.0000
M3	1.0000	0.0000	0.0000	0.0000
M5	1.0000	0.0000	0.0000	0.0000
M6	1.0000	0.0000	0.0000	0.0000
M9	0.0000	0.0000	1.0000	0.0000
Palau234	0.0130	0.0000	0.0000	0.9870
Palau236	0.5260	0.0000	0.0000	0.4740
Palau239	0.0000	0.0000	1.0000	0.0000
Palau264	0.0009	0.0000	0.0000	0.9991
Palau265	0.5110	0.0000	0.0000	0.4890
Palau266	0.0010	0.0000	0.9990	0.0000
Palau267	0.0000	0.0000	1.0000	0.0000
Palau268	0.0000	0.0000	0.0000	1.0000
Palau270	0.0000	0.0000	1.0000	0.0000
Palau271	1.0000	0.0000	0.0000	0.0000
Palau272	1.0000	0.0000	0.0000	0.0000
Palau273	1.0000	0.0000	0.0000	0.0000
X12	0.0342	0.0000	0.9658	0.0000
X13	0.9824	0.0000	0.0176	0.0000
X14	0.9790	0.0000	0.0210	0.0000
X17	0.0000	1.0000	0.0000	0.0000
X18	0.1130	0.0000	0.8870	0.0000
X19	1.0000	0.0000	0.0000	0.0000
X1	0.1320	0.0000	0.8680	0.0000
X20	0.9990	0.0000	0.0010	0.0000
X21	1.0000	0.0000	0.0000	0.0000
X23	0.9783	0.0000	0.0217	0.0000
X24	0.9990	0.0000	0.0010	0.0000
X25	0.9980	0.0000	0.0020	0.0000
X27	0.0950	0.0000	0.9050	0.0000
X28	0.9915	0.0000	0.0085	0.0000
X29	0.9945	0.0000	0.0055	0.0000
X30	0.0024	0.9976	0.0000	0.0000
X4	0.9911	0.0000	0.0089	0.0000
X6	0.9990	0.0000	0.0010	0.0000
X7	0.0000	1.0000	0.0000	0.0000
X9	0.0990	0.0000	0.9010	0.0000
Palau349	0.0000	1.0000	0.0000	0.0000
Palau350	0.0000	1.0000	0.0000	0.0000
Palau353	0.0000	0.0000	1.0000	0.0000
Palau354	0.0010	0.9826	0.0154	0.0010
N21	1.0000	0.0000	0.0000	0.0000
N28	1.0000	0.0000	0.0000	0.0000
N3	1.0000	0.0000	0.0000	0.0000
N4	0.0512	0.0000	0.9488	0.0000
N5	1.0000	0.0000	0.0000	0.0000
N6	1.0000	0.0000	0.0000	0.0000
N7	1.0000	0.0000	0.0000	0.0000
Palau013	0.0000	0.0000	1.0000	0.0000
Palau102	0.0000	0.0000	1.0000	0.0000
Palau108	0.0046	0.0000	0.9954	0.0000
Palau109	1.0000	0.0000	0.0000	0.0000
Palau111	1.0000	0.0000	0.0000	0.0000
Palau112	1.0000	0.0000	0.0000	0.0000
Palau113	1.0000	0.0000	0.0000	0.0000
Palau114	1.0000	0.0000	0.0000	0.0000
Palau115N	0.0000	0.0000	1.0000	0.0000
Palau116N	1.0000	0.0000	0.0000	0.0000
Palau008	0.0000	0.0000	1.0000	0.0000
Palau334	1.0000	0.0000	0.0000	0.0000
Palau343	1.0000	0.0000	0.0000	0.0000
Palau346	1.0000	0.0000	0.0000	0.0000
OT10	0.0000	0.0000	1.0000	0.0000
OT22	0.9799	0.0000	0.0201	0.0000
OT4	0.9997	0.0000	0.0003	0.0000
OT6	0.0000	0.0000	1.0000	0.0000
OT8	0.9339	0.0000	0.0661	0.0000
OT9	1.0000	0.0000	0.0000	0.0000
Palau296	0.0000	0.0020	0.9980	0.0000
Palau301	0.0000	0.0000	1.0000	0.0000
Palau304	0.0000	0.0000	1.0000	0.0000
Palau034	0.0380	0.0000	0.0000	0.9620
Palau038	0.0240	0.0000	0.0000	0.9760
Palau039	1.0000	0.0000	0.0000	0.0000
Palau040	0.0009	0.0090	0.4076	0.5825
Palau041	0.0170	0.0000	0.0000	0.9830
R13	0.0010	0.0000	0.0000	0.9990
R16	0.0106	0.0000	0.0000	0.9894
R1	1.0000	0.0000	0.0000	0.0000
R21	0.0000	0.0000	0.0000	1.0000
R23	0.1090	0.4308	0.2333	0.2270
R27	1.0000	0.0000	0.0000	0.0000
R28	0.0000	1.0000	0.0000	0.0000
R29	1.0000	0.0000	0.0000	0.0000
R2	1.0000	0.0000	0.0000	0.0000
R30	0.0000	1.0000	0.0000	0.0000
R3	1.0000	0.0000	0.0000	0.0000
R6	0.0000	0.0000	0.0000	1.0000
Palau276	1.0000	0.0000	0.0000	0.0000
Palau293	0.0000	1.0000	0.0000	0.0000
Palau294	0.0000	1.0000	0.0000	0.0000
Palau306	1.0000	0.0000	0.0000	0.0000
Palau308	0.9940	0.0000	0.0060	0.0000
Palau309	0.0000	0.0000	1.0000	0.0000
Palau314	0.9970	0.0020	0.0010	0.0000
T11	1.0000	0.0000	0.0000	0.0000
T14	1.0000	0.0000	0.0000	0.0000
T15	1.0000	0.0000	0.0000	0.0000
T16	1.0000	0.0000	0.0000	0.0000
T17	1.0000	0.0000	0.0000	0.0000
T18	1.0000	0.0000	0.0000	0.0000
T19	1.0000	0.0000	0.0000	0.0000
T1	0.9786	0.0000	0.0214	0.0000
T20	1.0000	0.0000	0.0000	0.0000
T2	0.9953	0.0000	0.0047	0.0000
T3	0.9960	0.0000	0.0040	0.0000
T4	1.0000	0.0000	0.0000	0.0000
T5	0.9994	0.0000	0.0006	0.0000
T6	1.0000	0.0000	0.0000	0.0000
T7	1.0000	0.0000	0.0000	0.0000
